00100101
00101001 00000001
00101000 00000001
00101001 00000000
00101000 00000001
00101000 00000000
00000110
00101001 00000010
00101000 00000000
00100110
00100111 00000100 00101110
00100110
00101000 00000010
00100110
00110001
00101000 00000001
00101000 00000110
00001000
00101001 00000011
00101000 00000011
00100110
00100111 00000011 00000001
00100111 00000011 00000001
00011011
00101001 00000100
00100111 00000011 00000001
00011100
00101001 00000100
00100111 00000000 0000001111101000
00100111 00000000 00110010
00001001
00101001 00000011
00101111
